{
 "cells": [
  {
   "cell_type": "code",
   "execution_count": 37,
   "metadata": {},
   "outputs": [],
   "source": [
    "import numpy as np\n",
    "import pandas as pd\n",
    "import math\n",
    "import matplotlib.pyplot as plt\n",
    "import string \n"
   ]
  },
  {
   "cell_type": "code",
   "execution_count": 6,
   "metadata": {},
   "outputs": [],
   "source": [
    "import mysql.connector\n",
    "import sqlalchemy\n",
    "from sqlalchemy import create_engine\n"
   ]
  },
  {
   "cell_type": "code",
   "execution_count": 10,
   "metadata": {},
   "outputs": [
    {
     "name": "stdout",
     "output_type": "stream",
     "text": [
      "Kết nối thành công \n"
     ]
    }
   ],
   "source": [
    "host = \"localhost\"\n",
    "user = \"root\"\n",
    "password = \"\"\n",
    "\n",
    "try:\n",
    "    connection = mysql.connector.connect(\n",
    "        host = host ,\n",
    "        user = user,\n",
    "        password= password\n",
    "    )\n",
    "    if connection.is_connected():\n",
    "        print(\"Kết nối thành công \")\n",
    "        cursor = connection.cursor()\n",
    "except mysql.connector.Error as e:\n",
    "    print(f\"Lỗi\")"
   ]
  },
  {
   "cell_type": "code",
   "execution_count": 11,
   "metadata": {},
   "outputs": [],
   "source": [
    "cursor = connection.cursor()\n",
    "\n",
    "cursor.execute(\"\"\"CREATE DATABASE IF NOT EXISTS tf_idf_codelai\n",
    "               DEFAULT CHARACTER SET utf8mb4\n",
    "               COLLATE  utf8mb4_unicode_ci\"\"\"\n",
    ")"
   ]
  },
  {
   "cell_type": "code",
   "execution_count": 12,
   "metadata": {},
   "outputs": [],
   "source": [
    "engine = create_engine(\"mysql+mysqlconnector://root:password@localhost/tf_idf_codelai\")"
   ]
  },
  {
   "cell_type": "code",
   "execution_count": 13,
   "metadata": {},
   "outputs": [],
   "source": [
    "cursor = connection.cursor()\n",
    "\n",
    "\n",
    "cursor.execute(\"USE tf_idf_codelai\")\n",
    "\n",
    "\n",
    "cursor.execute(\"\"\"\n",
    "    CREATE TABLE documents (\n",
    "        doc_id INT AUTO_INCREMENT PRIMARY KEY,\n",
    "        title VARCHAR(200),\n",
    "        content TEXT,\n",
    "        upload_date TIMESTAMP DEFAULT CURRENT_TIMESTAMP,\n",
    "        last_modified TIMESTAMP DEFAULT CURRENT_TIMESTAMP ON UPDATE CURRENT_TIMESTAMP\n",
    "    );\n",
    "\"\"\")"
   ]
  },
  {
   "cell_type": "code",
   "execution_count": 14,
   "metadata": {},
   "outputs": [
    {
     "name": "stdout",
     "output_type": "stream",
     "text": [
      "Bảng 'similarity_scores' đã được tạo thành công!\n"
     ]
    }
   ],
   "source": [
    "cursor = connection.cursor()\n",
    "cursor.execute(\"USE tf_idf_codelai\")\n",
    "\n",
    "cursor.execute(\"\"\"\n",
    "    CREATE TABLE similarity_scores (\n",
    "        score_id INT AUTO_INCREMENT PRIMARY KEY,\n",
    "        doc1_id INT,\n",
    "        doc2_id INT,\n",
    "        similarity_score FLOAT,\n",
    "        check_date TIMESTAMP DEFAULT CURRENT_TIMESTAMP,\n",
    "        FOREIGN KEY (doc1_id) REFERENCES documents(doc_id),\n",
    "        FOREIGN KEY (doc2_id) REFERENCES documents(doc_id)\n",
    "    );\n",
    "\"\"\")\n",
    "\n",
    "print(\"Bảng 'similarity_scores' đã được tạo thành công!\")\n"
   ]
  },
  {
   "cell_type": "code",
   "execution_count": 15,
   "metadata": {},
   "outputs": [
    {
     "name": "stdout",
     "output_type": "stream",
     "text": [
      "Bảng 'plagiarism_reports' đã được tạo thành công!\n"
     ]
    }
   ],
   "source": [
    "cursor = connection.cursor()\n",
    "cursor.execute(\"USE tf_idf_codelai\")\n",
    "# Tạo bảng 'plagiarism_reports'\n",
    "cursor.execute(\"\"\"\n",
    "    CREATE TABLE plagiarism_reports (\n",
    "        report_id INT AUTO_INCREMENT PRIMARY KEY,\n",
    "        doc_id INT,\n",
    "        report_date TIMESTAMP DEFAULT CURRENT_TIMESTAMP,\n",
    "        status ENUM('pending', 'reviewed', 'confirmed', 'rejected') DEFAULT 'pending',\n",
    "        reviewer_notes TEXT,\n",
    "        FOREIGN KEY (doc_id) REFERENCES documents(doc_id)\n",
    "    );\n",
    "\"\"\")\n",
    "\n",
    "print(\"Bảng 'plagiarism_reports' đã được tạo thành công!\")\n"
   ]
  },
  {
   "cell_type": "code",
   "execution_count": 16,
   "metadata": {},
   "outputs": [
    {
     "name": "stdout",
     "output_type": "stream",
     "text": [
      "Bảng 'document_metadata' đã được tạo thành công!\n"
     ]
    }
   ],
   "source": [
    "cursor = connection.cursor()\n",
    "cursor.execute(\"USE tf_idf_codelai\")\n",
    "# Tạo bảng 'document_metadata'\n",
    "cursor.execute(\"\"\"\n",
    "    CREATE TABLE IF NOT EXISTS document_metadata (\n",
    "        metadata_id INT AUTO_INCREMENT PRIMARY KEY,\n",
    "        doc_id INT,\n",
    "        word_count INT,\n",
    "        language VARCHAR(50),\n",
    "        category VARCHAR(100),\n",
    "        keywords TEXT,\n",
    "        FOREIGN KEY (doc_id) REFERENCES documents(doc_id)\n",
    "    );\n",
    "\"\"\")\n",
    "\n",
    "print(\"Bảng 'document_metadata' đã được tạo thành công!\")\n",
    "\n"
   ]
  },
  {
   "cell_type": "code",
   "execution_count": 18,
   "metadata": {},
   "outputs": [],
   "source": [
    "# Dữ liệu mẫu\n",
    "documents = [\n",
    "            (\"Bài luận 1\", \"Trí tuệ nhân tạo đang phát triển nhanh chóng và tác động lớn đến cuộc sống.\"),\n",
    "            (\"Bài luận 2\", \"Trí tuệ nhân tạo đang phát triển mạnh mẽ và ảnh hưởng nhiều đến đời sống con người.\"),\n",
    "            (\"Bài luận 3\", \"Trí tuệ nhân tạo rất mạnh mẽ và ảnh hưởng nhiều đến đời sống con người.\"),\n",
    "            (\"Bài luận 4\", \"Deep Learning đã mang lại những bước tiến vượt bậc trong lĩnh vực xử lý ngôn ngữ tự nhiên.\"),\n",
    "            (\"Bài luận 5\", \"Robotics và tự động hóa đang thay đổi cách chúng ta làm việc trong các nhà máy.\"),\n",
    "            (\"Bài luận 6\", \"Internet of Things kết nối hàng tỷ thiết bị thông minh trên toàn cầu.\"),\n",
    "            (\"Bài luận 7\", \"Blockchain không chỉ dùng cho tiền điện tử mà còn nhiều ứng dụng khác.\"),\n",
    "            (\"Bài luận 8\", \"Cloud Computing giúp doanh nghiệp tiết kiệm chi phí và tăng hiệu quả.\"),\n",
    "            (\"Bài luận 9\", \"Bảo mật thông tin là thách thức lớn trong kỷ nguyên số.\"),\n",
    "            (\"Bài luận 10\", \"5G sẽ tạo ra cuộc cách mạng trong truyền thông di động.\")\n",
    "        ]\n"
   ]
  },
  {
   "cell_type": "code",
   "execution_count": 22,
   "metadata": {},
   "outputs": [
    {
     "name": "stdout",
     "output_type": "stream",
     "text": [
      "['những', 'tiền', 'kết', 'nối', 'Learning', 'điện', 'nhiều', 'mạnh', 'phát', 'đã', 'thông', 'Blockchain', 'việc', 'tác', 'kỷ', 'trong', 'quả.', 'bị', 'chi', 'là', 'Internet', 'truyền', 'trên', 'Trí', 'Cloud', 'tiết', 'nhân', 'thay', 'đang', 'tạo', 'phí', 'chỉ', 'of', 'mẽ', 'hóa', 'tăng', 'lĩnh', 'Bảo', 'hàng', 'triển', 'Computing', 'sống', 'ra', 'cầu.', 'bước', 'cuộc', 'nghiệp', 'mà', 'hiệu', 'động.', 'di', 'ảnh', 'giúp', 'kiệm', 'dụng', 'lại', 'mang', 'cách', 'đến', 'rất', 'làm', 'số.', 'bậc', 'hưởng', 'sống.', 'tỷ', 'nhanh', 'Deep', 'lớn', 'xử', 'Things', 'thức', 'và', 'ngữ', 'con', 'sẽ', 'ta', 'tiến', 'tử', 'cho', 'máy.', 'toàn', 'còn', 'mật', 'đời', 'người.', 'vực', 'chóng', 'tự', 'động', 'dùng', 'vượt', 'tuệ', 'thách', 'doanh', '5G', 'ngôn', 'nhiên.', 'nguyên', 'các', 'không', 'chúng', 'ứng', 'tin', 'khác.', 'đổi', 'mạng', 'nhà', 'lý', 'thiết', 'Robotics', 'minh']\n"
     ]
    }
   ],
   "source": [
    "words = set()\n",
    "for doc in documents:\n",
    "    if isinstance(doc[1],str):\n",
    "        words.update(doc[1].split())\n",
    "    else:\n",
    "        print(f\"Phần tử ngoài chuỗi:{doc[1]}\")\n",
    "words = list(words)\n",
    "print(words)"
   ]
  },
  {
   "cell_type": "code",
   "execution_count": 34,
   "metadata": {},
   "outputs": [
    {
     "name": "stdout",
     "output_type": "stream",
     "text": [
      "{'Trí': 0.0625, 'tuệ': 0.0625, 'nhân': 0.0625, 'tạo': 0.0625, 'đang': 0.0625, 'phát': 0.0625, 'triển': 0.0625, 'nhanh': 0.0625, 'chóng': 0.0625, 'và': 0.0625, 'tác': 0.0625, 'động': 0.0625, 'lớn': 0.0625, 'đến': 0.0625, 'cuộc': 0.0625, 'sống': 0.0625}\n"
     ]
    }
   ],
   "source": [
    "import re\n",
    "def compute_tf(doc):\n",
    "    tf = {}\n",
    "    doc = re.sub(r'[^a-zA-ZÀ-ỹà-ỹ\\s]', '', doc)\n",
    "    words = doc.split()\n",
    "    total_words = len(words)\n",
    "    for word in words:\n",
    "        if word in tf:\n",
    "            tf[word] += 1\n",
    "        else:\n",
    "            tf[word] = 1\n",
    "    tf = {word: count / total_words for word, count in tf.items()}\n",
    "    #for word in tf:\n",
    "    #    tf[word]= tf[word]/total_words\n",
    "        \n",
    "\n",
    "    return tf\n",
    "\n",
    "doc_example = documents[0][1]\n",
    "tf_example = compute_tf(doc_example)\n",
    "print(tf_example)\n",
    "\n"
   ]
  },
  {
   "cell_type": "code",
   "execution_count": 51,
   "metadata": {},
   "outputs": [
    {
     "name": "stdout",
     "output_type": "stream",
     "text": [
      "{'Trí': 0.0625, 'tuệ': 0.0625, 'nhân': 0.0625, 'tạo': 0.0625, 'đang': 0.0625, 'phát': 0.0625, 'triển': 0.0625, 'nhanh': 0.0625, 'chóng': 0.0625, 'và': 0.0625, 'tác': 0.0625, 'động': 0.0625, 'lớn': 0.0625, 'đến': 0.0625, 'cuộc': 0.0625, 'sống': 0.0625}\n"
     ]
    }
   ],
   "source": [
    "# Hàm tính IDF\n",
    "def compute_idf(documents):\n",
    "    idf = {}\n",
    "    total_docs = len(documents)\n",
    "    \n",
    "    words = set()\n",
    "    for doc in documents:\n",
    "        doc_words = re.sub(r'[^a-zA-ZÀ-ỹà-ỹ\\s]', '', doc[1]).split()  # doc[1] chứa văn bản của tài liệu\n",
    "        words.update(doc_words)\n",
    "    \n",
    "    for word in words:\n",
    "        count = sum(1 for doc in documents if word in re.sub(r'[^a-zA-ZÀ-ỹà-ỹ\\s]', '', doc[1]).split())\n",
    "        idf[word] = np.log((total_docs + 1) / (count + 1))  # Công thức IDF\n",
    "    return idf\n",
    "doc_example = documents\n",
    "idf_value = compute_idf(doc_example)\n",
    "print(tf_example)\n",
    "\n"
   ]
  },
  {
   "cell_type": "code",
   "execution_count": 52,
   "metadata": {},
   "outputs": [
    {
     "name": "stdout",
     "output_type": "stream",
     "text": [
      "[{'Trí': 0.06322505697990499, 'tuệ': 0.06322505697990499, 'nhân': 0.06322505697990499, 'tạo': 0.04927858502276689, 'đang': 0.06322505697990499, 'phát': 0.0812051865081413, 'triển': 0.0812051865081413, 'nhanh': 0.10654675576490158, 'chóng': 0.10654675576490158, 'và': 0.03788348772314472, 'tác': 0.10654675576490158, 'động': 0.06322505697990499, 'lớn': 0.0812051865081413, 'đến': 0.06322505697990499, 'cuộc': 0.0812051865081413, 'sống': 0.06322505697990499}, {'Trí': 0.056200050648804435, 'tuệ': 0.056200050648804435, 'nhân': 0.056200050648804435, 'tạo': 0.0438031866869039, 'đang': 0.056200050648804435, 'phát': 0.07218238800723671, 'triển': 0.07218238800723671, 'mạnh': 0.07218238800723671, 'mẽ': 0.07218238800723671, 'và': 0.03367421130946197, 'ảnh': 0.07218238800723671, 'hưởng': 0.07218238800723671, 'nhiều': 0.056200050648804435, 'đến': 0.056200050648804435, 'đời': 0.07218238800723671, 'sống': 0.056200050648804435, 'con': 0.07218238800723671, 'người': 0.07218238800723671}, {'Trí': 0.06322505697990499, 'tuệ': 0.06322505697990499, 'nhân': 0.06322505697990499, 'tạo': 0.04927858502276689, 'rất': 0.10654675576490158, 'mạnh': 0.0812051865081413, 'mẽ': 0.0812051865081413, 'và': 0.03788348772314472, 'ảnh': 0.0812051865081413, 'hưởng': 0.0812051865081413, 'nhiều': 0.06322505697990499, 'đến': 0.06322505697990499, 'đời': 0.0812051865081413, 'sống': 0.06322505697990499, 'con': 0.0812051865081413, 'người': 0.0812051865081413}, {'Deep': 0.08972358380202237, 'Learning': 0.08972358380202237, 'đã': 0.08972358380202237, 'mang': 0.08972358380202237, 'lại': 0.08972358380202237, 'những': 0.08972358380202237, 'bước': 0.08972358380202237, 'tiến': 0.08972358380202237, 'vượt': 0.08972358380202237, 'bậc': 0.08972358380202237, 'trong': 0.0414977558086458, 'lĩnh': 0.08972358380202237, 'vực': 0.08972358380202237, 'xử': 0.08972358380202237, 'lý': 0.08972358380202237, 'ngôn': 0.08972358380202237, 'ngữ': 0.08972358380202237, 'tự': 0.06838331495422426, 'nhiên': 0.08972358380202237}, {'Robotics': 0.10027929954343678, 'và': 0.03565504726884209, 'tự': 0.07642841083119181, 'động': 0.05950593598108705, 'hóa': 0.10027929954343678, 'đang': 0.05950593598108705, 'thay': 0.10027929954343678, 'đổi': 0.10027929954343678, 'cách': 0.07642841083119181, 'chúng': 0.10027929954343678, 'ta': 0.10027929954343678, 'làm': 0.10027929954343678, 'việc': 0.10027929954343678, 'trong': 0.046379844727310014, 'các': 0.10027929954343678, 'nhà': 0.10027929954343678, 'máy': 0.10027929954343678}, {'Internet': 0.12176772087417323, 'of': 0.12176772087417323, 'Things': 0.12176772087417323, 'kết': 0.12176772087417323, 'nối': 0.12176772087417323, 'hàng': 0.12176772087417323, 'tỷ': 0.12176772087417323, 'thiết': 0.12176772087417323, 'bị': 0.12176772087417323, 'thông': 0.07225720797703428, 'minh': 0.12176772087417323, 'trên': 0.12176772087417323, 'toàn': 0.12176772087417323, 'cầu': 0.12176772087417323}, {'Blockchain': 0.12176772087417323, 'không': 0.12176772087417323, 'chỉ': 0.12176772087417323, 'dùng': 0.12176772087417323, 'cho': 0.12176772087417323, 'tiền': 0.12176772087417323, 'điện': 0.12176772087417323, 'tử': 0.12176772087417323, 'mà': 0.12176772087417323, 'còn': 0.12176772087417323, 'nhiều': 0.07225720797703428, 'ứng': 0.12176772087417323, 'dụng': 0.12176772087417323, 'khác': 0.12176772087417323}, {'Cloud': 0.13113446863372502, 'Computing': 0.13113446863372502, 'giúp': 0.13113446863372502, 'doanh': 0.13113446863372502, 'nghiệp': 0.13113446863372502, 'tiết': 0.13113446863372502, 'kiệm': 0.13113446863372502, 'chi': 0.13113446863372502, 'phí': 0.13113446863372502, 'và': 0.04662583104387043, 'tăng': 0.13113446863372502, 'hiệu': 0.13113446863372502, 'quả': 0.13113446863372502}, {'Bảo': 0.14206234101986875, 'mật': 0.14206234101986875, 'thông': 0.08430007597320666, 'tin': 0.14206234101986875, 'là': 0.14206234101986875, 'thách': 0.14206234101986875, 'thức': 0.14206234101986875, 'lớn': 0.10827358201085507, 'trong': 0.06570478003035585, 'kỷ': 0.14206234101986875, 'nguyên': 0.14206234101986875, 'số': 0.14206234101986875}, {'G': 0.14206234101986875, 'sẽ': 0.14206234101986875, 'tạo': 0.06570478003035585, 'ra': 0.14206234101986875, 'cuộc': 0.10827358201085507, 'cách': 0.10827358201085507, 'mạng': 0.14206234101986875, 'trong': 0.06570478003035585, 'truyền': 0.14206234101986875, 'thông': 0.08430007597320666, 'di': 0.14206234101986875, 'động': 0.08430007597320666}]\n"
     ]
    }
   ],
   "source": [
    "def compute_tf_idf(documents):\n",
    "    # Tính IDF cho toàn bộ tập tài liệu\n",
    "    idf = compute_idf(documents)\n",
    "    tf_idf_documents = []\n",
    "    \n",
    "    # Tính TF-IDF cho từng tài liệu\n",
    "    for doc in documents:\n",
    "        tf = compute_tf(doc[1])  # doc[1] chứa văn bản của tài liệu\n",
    "        tf_idf = {word: tf[word] * idf.get(word, 0) for word in tf}  # Tính TF-IDF\n",
    "        tf_idf_documents.append(tf_idf)\n",
    "    \n",
    "    return tf_idf_documents\n",
    "\n",
    "# Sử dụng toàn bộ tập tài liệu để tính TF-IDF\n",
    "tf_idf_example = compute_tf_idf(documents)  # Truyền toàn bộ documents vào\n",
    "print(tf_idf_example)\n"
   ]
  },
  {
   "cell_type": "code",
   "execution_count": 53,
   "metadata": {},
   "outputs": [
    {
     "name": "stdout",
     "output_type": "stream",
     "text": [
      "Document 1: Trí tuệ nhân tạo đang phát triển nhanh chóng và tác động lớn đến cuộc sống.\n",
      "Trí : 0.06322505697990499\n",
      "tuệ : 0.06322505697990499\n",
      "nhân : 0.06322505697990499\n",
      "tạo : 0.04927858502276689\n",
      "đang : 0.06322505697990499\n",
      "phát : 0.0812051865081413\n",
      "triển : 0.0812051865081413\n",
      "nhanh : 0.10654675576490158\n",
      "chóng : 0.10654675576490158\n",
      "và : 0.03788348772314472\n",
      "tác : 0.10654675576490158\n",
      "động : 0.06322505697990499\n",
      "lớn : 0.0812051865081413\n",
      "đến : 0.06322505697990499\n",
      "cuộc : 0.0812051865081413\n",
      "sống : 0.06322505697990499\n",
      "\n",
      "\n",
      "Document 2: Trí tuệ nhân tạo đang phát triển mạnh mẽ và ảnh hưởng nhiều đến đời sống con người.\n",
      "Trí : 0.056200050648804435\n",
      "tuệ : 0.056200050648804435\n",
      "nhân : 0.056200050648804435\n",
      "tạo : 0.0438031866869039\n",
      "đang : 0.056200050648804435\n",
      "phát : 0.07218238800723671\n",
      "triển : 0.07218238800723671\n",
      "mạnh : 0.07218238800723671\n",
      "mẽ : 0.07218238800723671\n",
      "và : 0.03367421130946197\n",
      "ảnh : 0.07218238800723671\n",
      "hưởng : 0.07218238800723671\n",
      "nhiều : 0.056200050648804435\n",
      "đến : 0.056200050648804435\n",
      "đời : 0.07218238800723671\n",
      "sống : 0.056200050648804435\n",
      "con : 0.07218238800723671\n",
      "người : 0.07218238800723671\n",
      "\n",
      "\n",
      "Document 3: Trí tuệ nhân tạo rất mạnh mẽ và ảnh hưởng nhiều đến đời sống con người.\n",
      "Trí : 0.06322505697990499\n",
      "tuệ : 0.06322505697990499\n",
      "nhân : 0.06322505697990499\n",
      "tạo : 0.04927858502276689\n",
      "rất : 0.10654675576490158\n",
      "mạnh : 0.0812051865081413\n",
      "mẽ : 0.0812051865081413\n",
      "và : 0.03788348772314472\n",
      "ảnh : 0.0812051865081413\n",
      "hưởng : 0.0812051865081413\n",
      "nhiều : 0.06322505697990499\n",
      "đến : 0.06322505697990499\n",
      "đời : 0.0812051865081413\n",
      "sống : 0.06322505697990499\n",
      "con : 0.0812051865081413\n",
      "người : 0.0812051865081413\n",
      "\n",
      "\n",
      "Document 4: Deep Learning đã mang lại những bước tiến vượt bậc trong lĩnh vực xử lý ngôn ngữ tự nhiên.\n",
      "Deep : 0.08972358380202237\n",
      "Learning : 0.08972358380202237\n",
      "đã : 0.08972358380202237\n",
      "mang : 0.08972358380202237\n",
      "lại : 0.08972358380202237\n",
      "những : 0.08972358380202237\n",
      "bước : 0.08972358380202237\n",
      "tiến : 0.08972358380202237\n",
      "vượt : 0.08972358380202237\n",
      "bậc : 0.08972358380202237\n",
      "trong : 0.0414977558086458\n",
      "lĩnh : 0.08972358380202237\n",
      "vực : 0.08972358380202237\n",
      "xử : 0.08972358380202237\n",
      "lý : 0.08972358380202237\n",
      "ngôn : 0.08972358380202237\n",
      "ngữ : 0.08972358380202237\n",
      "tự : 0.06838331495422426\n",
      "nhiên : 0.08972358380202237\n",
      "\n",
      "\n",
      "Document 5: Robotics và tự động hóa đang thay đổi cách chúng ta làm việc trong các nhà máy.\n",
      "Robotics : 0.10027929954343678\n",
      "và : 0.03565504726884209\n",
      "tự : 0.07642841083119181\n",
      "động : 0.05950593598108705\n",
      "hóa : 0.10027929954343678\n",
      "đang : 0.05950593598108705\n",
      "thay : 0.10027929954343678\n",
      "đổi : 0.10027929954343678\n",
      "cách : 0.07642841083119181\n",
      "chúng : 0.10027929954343678\n",
      "ta : 0.10027929954343678\n",
      "làm : 0.10027929954343678\n",
      "việc : 0.10027929954343678\n",
      "trong : 0.046379844727310014\n",
      "các : 0.10027929954343678\n",
      "nhà : 0.10027929954343678\n",
      "máy : 0.10027929954343678\n",
      "\n",
      "\n",
      "Document 6: Internet of Things kết nối hàng tỷ thiết bị thông minh trên toàn cầu.\n",
      "Internet : 0.12176772087417323\n",
      "of : 0.12176772087417323\n",
      "Things : 0.12176772087417323\n",
      "kết : 0.12176772087417323\n",
      "nối : 0.12176772087417323\n",
      "hàng : 0.12176772087417323\n",
      "tỷ : 0.12176772087417323\n",
      "thiết : 0.12176772087417323\n",
      "bị : 0.12176772087417323\n",
      "thông : 0.07225720797703428\n",
      "minh : 0.12176772087417323\n",
      "trên : 0.12176772087417323\n",
      "toàn : 0.12176772087417323\n",
      "cầu : 0.12176772087417323\n",
      "\n",
      "\n",
      "Document 7: Blockchain không chỉ dùng cho tiền điện tử mà còn nhiều ứng dụng khác.\n",
      "Blockchain : 0.12176772087417323\n",
      "không : 0.12176772087417323\n",
      "chỉ : 0.12176772087417323\n",
      "dùng : 0.12176772087417323\n",
      "cho : 0.12176772087417323\n",
      "tiền : 0.12176772087417323\n",
      "điện : 0.12176772087417323\n",
      "tử : 0.12176772087417323\n",
      "mà : 0.12176772087417323\n",
      "còn : 0.12176772087417323\n",
      "nhiều : 0.07225720797703428\n",
      "ứng : 0.12176772087417323\n",
      "dụng : 0.12176772087417323\n",
      "khác : 0.12176772087417323\n",
      "\n",
      "\n",
      "Document 8: Cloud Computing giúp doanh nghiệp tiết kiệm chi phí và tăng hiệu quả.\n",
      "Cloud : 0.13113446863372502\n",
      "Computing : 0.13113446863372502\n",
      "giúp : 0.13113446863372502\n",
      "doanh : 0.13113446863372502\n",
      "nghiệp : 0.13113446863372502\n",
      "tiết : 0.13113446863372502\n",
      "kiệm : 0.13113446863372502\n",
      "chi : 0.13113446863372502\n",
      "phí : 0.13113446863372502\n",
      "và : 0.04662583104387043\n",
      "tăng : 0.13113446863372502\n",
      "hiệu : 0.13113446863372502\n",
      "quả : 0.13113446863372502\n",
      "\n",
      "\n",
      "Document 9: Bảo mật thông tin là thách thức lớn trong kỷ nguyên số.\n",
      "Bảo : 0.14206234101986875\n",
      "mật : 0.14206234101986875\n",
      "thông : 0.08430007597320666\n",
      "tin : 0.14206234101986875\n",
      "là : 0.14206234101986875\n",
      "thách : 0.14206234101986875\n",
      "thức : 0.14206234101986875\n",
      "lớn : 0.10827358201085507\n",
      "trong : 0.06570478003035585\n",
      "kỷ : 0.14206234101986875\n",
      "nguyên : 0.14206234101986875\n",
      "số : 0.14206234101986875\n",
      "\n",
      "\n",
      "Document 10: 5G sẽ tạo ra cuộc cách mạng trong truyền thông di động.\n",
      "G : 0.14206234101986875\n",
      "sẽ : 0.14206234101986875\n",
      "tạo : 0.06570478003035585\n",
      "ra : 0.14206234101986875\n",
      "cuộc : 0.10827358201085507\n",
      "cách : 0.10827358201085507\n",
      "mạng : 0.14206234101986875\n",
      "trong : 0.06570478003035585\n",
      "truyền : 0.14206234101986875\n",
      "thông : 0.08430007597320666\n",
      "di : 0.14206234101986875\n",
      "động : 0.08430007597320666\n",
      "\n",
      "\n"
     ]
    }
   ],
   "source": [
    "# Tính toán TF-IDF cho toàn bộ tập tài liệu\n",
    "tf_idf_documents = compute_tf_idf(documents)\n",
    "\n",
    "# Chạy vòng lặp trên index tất cả documents\n",
    "for i in range(len(documents)):\n",
    "    print(f\"Document {i+1}: {documents[i][1]}\")  # Chỉ in văn bản của tài liệu (doc[1])\n",
    "    \n",
    "    tf_idf = tf_idf_documents[i]\n",
    "    \n",
    "    # Chạy vòng lặp cho từng từ trong tf_idf\n",
    "    for word in tf_idf:\n",
    "        value = tf_idf[word]\n",
    "        print(f\"{word} : {value}\")\n",
    "    \n",
    "    print(\"\\n\")  # Thêm một dòng trống sau mỗi tài liệu để dễ đọc\n"
   ]
  },
  {
   "cell_type": "code",
   "execution_count": 54,
   "metadata": {},
   "outputs": [],
   "source": [
    "def cosine_similarity(vec1, vec2):\n",
    "    # Lấy tập các từ chung giữa hai vector\n",
    "    common_words = set(vec1.keys()).intersection(set(vec2.keys()))\n",
    "    \n",
    "    # Tính tích vô hướng A.B\n",
    "    dot_product = sum([vec1[word] * vec2[word] for word in common_words])\n",
    "    \n",
    "    # Tính độ dài của từng vector\n",
    "    norm_vec1 = math.sqrt(sum([vec1[word]**2 for word in vec1]))\n",
    "    norm_vec2 = math.sqrt(sum([vec2[word]**2 for word in vec2]))\n",
    "    \n",
    "    # Tính cosine similarity\n",
    "    if norm_vec1 == 0 or norm_vec2 == 0:\n",
    "        return 0  # Tránh chia cho 0\n",
    "    else:\n",
    "        return dot_product / (norm_vec1 * norm_vec2)\n",
    "\n"
   ]
  },
  {
   "cell_type": "code",
   "execution_count": 55,
   "metadata": {},
   "outputs": [],
   "source": [
    "# Hàm tính toán ma trận độ tương đồng giữa tất cả các văn bản\n",
    "def compute_similarity_matrix(documents):\n",
    "    tfidf_matrix = compute_tf_idf(documents)  # Tính toán ma trận TF-IDF\n",
    "    similarity_matrix = []\n",
    "    \n",
    "    # Duyệt qua từng cặp tài liệu để tính toán độ tương đồng\n",
    "    for i in range(len(tfidf_matrix)):\n",
    "        row = []\n",
    "        for j in range(len(tfidf_matrix)):\n",
    "            sim = cosine_similarity(tfidf_matrix[i], tfidf_matrix[j])\n",
    "            row.append(sim)\n",
    "        similarity_matrix.append(row)\n",
    "    \n",
    "    return similarity_matrix"
   ]
  },
  {
   "cell_type": "code",
   "execution_count": 58,
   "metadata": {},
   "outputs": [
    {
     "name": "stdout",
     "output_type": "stream",
     "text": [
      "[[0.9999999999999997, 0.4473382709691427, 0.2687320343123078, 0.0, 0.08017281276925964, 0.0, 0.0, 0.012733317058557219, 0.06395999184194785, 0.13968297242635472], [0.4473382709691427, 0.9999999999999998, 0.8388181586287647, 0.0, 0.04646120737295191, 0.0, 0.0340000882992412, 0.012808857209734691, 0.0, 0.026206888970503068], [0.2687320343123078, 0.8388181586287647, 0.9999999999999999, 0.0, 0.012686466766656353, 0.0, 0.03514272046574445, 0.013239321158392037, 0.0, 0.02708761710444571], [0.0, 0.0, 0.0, 1.0000000000000002, 0.05184613242201957, 0.0, 0.0, 0.0, 0.015919243370555662, 0.017608069279257434], [0.08017281276925964, 0.04646120737295191, 0.012686466766656353, 0.05184613242201957, 1.0000000000000002, 0.0, 0.0, 0.009989914567008503, 0.018478960732437603, 0.1095881736540376], [0.0, 0.0, 0.0, 0.0, 0.0, 1.0, 0.0, 0.0, 0.03025211111491483, 0.03346146898793349], [0.0, 0.0340000882992412, 0.03514272046574445, 0.0, 0.0, 0.0, 0.9999999999999999, 0.0, 0.0, 0.0], [0.012733317058557219, 0.012808857209734691, 0.013239321158392037, 0.0, 0.009989914567008503, 0.0, 0.0, 1.0, 0.0, 0.0], [0.06395999184194785, 0.0, 0.0, 0.015919243370555662, 0.018478960732437603, 0.03025211111491483, 0.0, 0.0, 1.0000000000000002, 0.06170224455467996], [0.13968297242635472, 0.026206888970503068, 0.02708761710444571, 0.017608069279257434, 0.1095881736540376, 0.03346146898793349, 0.0, 0.0, 0.06170224455467996, 0.9999999999999999]]\n",
      "Similarity Matrix:\n",
      "[0.9999999999999997, 0.4473382709691427, 0.2687320343123078, 0.0, 0.08017281276925964, 0.0, 0.0, 0.012733317058557219, 0.06395999184194785, 0.13968297242635472]\n",
      "[0.4473382709691427, 0.9999999999999998, 0.8388181586287647, 0.0, 0.04646120737295191, 0.0, 0.0340000882992412, 0.012808857209734691, 0.0, 0.026206888970503068]\n",
      "[0.2687320343123078, 0.8388181586287647, 0.9999999999999999, 0.0, 0.012686466766656353, 0.0, 0.03514272046574445, 0.013239321158392037, 0.0, 0.02708761710444571]\n",
      "[0.0, 0.0, 0.0, 1.0000000000000002, 0.05184613242201957, 0.0, 0.0, 0.0, 0.015919243370555662, 0.017608069279257434]\n",
      "[0.08017281276925964, 0.04646120737295191, 0.012686466766656353, 0.05184613242201957, 1.0000000000000002, 0.0, 0.0, 0.009989914567008503, 0.018478960732437603, 0.1095881736540376]\n",
      "[0.0, 0.0, 0.0, 0.0, 0.0, 1.0, 0.0, 0.0, 0.03025211111491483, 0.03346146898793349]\n",
      "[0.0, 0.0340000882992412, 0.03514272046574445, 0.0, 0.0, 0.0, 0.9999999999999999, 0.0, 0.0, 0.0]\n",
      "[0.012733317058557219, 0.012808857209734691, 0.013239321158392037, 0.0, 0.009989914567008503, 0.0, 0.0, 1.0, 0.0, 0.0]\n",
      "[0.06395999184194785, 0.0, 0.0, 0.015919243370555662, 0.018478960732437603, 0.03025211111491483, 0.0, 0.0, 1.0000000000000002, 0.06170224455467996]\n",
      "[0.13968297242635472, 0.026206888970503068, 0.02708761710444571, 0.017608069279257434, 0.1095881736540376, 0.03346146898793349, 0.0, 0.0, 0.06170224455467996, 0.9999999999999999]\n"
     ]
    }
   ],
   "source": [
    "similarity_matrix = compute_similarity_matrix(documents)\n",
    "print(similarity_matrix)\n",
    "print(\"Similarity Matrix:\")\n",
    "for row in similarity_matrix:\n",
    "    print(row)"
   ]
  },
  {
   "cell_type": "code",
   "execution_count": 60,
   "metadata": {},
   "outputs": [
    {
     "data": {
